# bin_0 bin_1
6.392577572466228e-13 1.115002511088927e-07
4.28414989083085e-11 7.419112514240783e-06
2.734867613869934e-10 4.701919271652702e-05
8.691567832551162e-10 0.00014833822902668973
1.9647110745416194e-09 0.0003328394186030452
3.6265619809614763e-09 0.0006097863398341686
5.851490382170973e-09 0.0009764757748975324
8.578272866578396e-09 0.0014206056031824997
1.1704294694238007e-08 0.0019233766071883821
1.510259974510525e-08 0.0024625403782400673
1.8636966907187496e-08 0.0030149979417691194
2.2173953908017717e-08 0.003558795680620127
2.559166617410461e-08 0.004074506446278631
2.8785468276964067e-08 0.004546059278633174
3.167108387015117e-08 0.00496111499217171
3.418561312728558e-08 0.005311093414057977
3.6286993309314655e-08 0.005590952207284442
3.795237734435662e-08 0.005798804091511255
3.917583255032989e-08 0.005935443358353779
3.996568268620441e-08 0.006003836545969102
4.034174071259739e-08 0.006008617473884301
4.0332611974336295e-08 0.005955614251718547
3.997319017932945e-08 0.005851425588216491
3.9302421991599874e-08 0.005703055675592509
3.8361379703926764e-08 0.005517610888234632
3.719165417975998e-08 0.0053020572231925805
3.58340607137314e-08 0.005063034513860675
3.4327637260161724e-08 0.004806721672967078
3.270890631832054e-08 0.004538746302105979
3.101136747569737e-08 0.00426413171626148
2.9265186200390106e-08 0.003987274586098183
2.74970451086473e-08 0.003711946848590633
2.573012595453479e-08 0.0034413161616002235
2.3984193463558683e-08 0.00317797989277305
2.227575547138849e-08 0.002924008374004046
2.0618277331007752e-08 0.0026809938753848445
1.9022432012183297e-08 0.002450102427935716
1.7496370591290204e-08 0.002232126235097544
1.6046000831048708e-08 0.0020275349502140282
1.4675264227219656e-08 0.001836524558632487
1.3386404235650068e-08 0.001659062990505069
1.218022038781069e-08 0.0014949319086341737
1.105630467393384e-08 0.0013437643712222338
1.0013257943407915e-08 0.0012050782694491443
9.048885173285738e-09 0.0010783055919389123
8.160369319664588e-09 0.0009628176797328044
7.344424125479338e-09 0.0008579467132443803
6.597426743658666e-09 0.0007630037230930057
5.9155313752965754e-09 0.0006772934452531872
5.2947653447603395e-09 0.000600126352445617
4.731109161057326e-09 0.0005308281922476154
4.22056216753473e-09 0.00046874735146325644
3.759195377401518e-09 0.00041326034870323614
3.3431930453807427e-09 0.00036377573517472957
2.968884448311344e-09 0.00031973665919034835
2.632767249320722e-09 0.0002806223242842152
2.331523709579457e-09 0.0002459485451403574
2.0620308947050002e-09 0.0002152675805771237
1.8213659044784655e-09 0.00018816739914183996
1.6068070382770411e-09 0.00016427051081587248
1.415831697163771e-09 0.00014323247812768144
1.2461117187076763e-09 0.00012474020172226867
1.0955067434180276e-09 0.00010851005915535922
9.620561229257732e-10 9.428596132242768e-05
8.439697998779815e-10 8.183737840450365e-05
7.39618517898594e-10 7.095737639339462e-05
6.475236566611901e-10 6.146069600958959e-05
5.663469316465186e-10 5.318189799904616e-05
4.948801500208236e-10 4.597359224085025e-05
4.320351726473596e-10 3.970476266998286e-05
3.7683419696488793e-10 3.42591955784115e-05
3.2840044564834255e-10 2.953401527265897e-05
2.8594932105537875e-10 2.5438328216477098e-05
2.487800648535806e-10 2.189197456395487e-05
2.1626794537372554e-10 1.8824384293247314e-05
1.8785698164440437e-10 1.6173533897127242e-05
1.6305320228264404e-10 1.388499869729839e-05
1.4141842901205505e-10 1.191109525834749e-05
1.225645681997254e-10 1.0210108026978803e-05
1.0614838910886484e-10 8.745594163695863e-06
9.186676427211243e-11 7.485760525778311e-06
7.945234524606201e-11 6.4029068672853025e-06
6.866964579679632e-11 5.4729295147862895e-06
5.931150410120004e-11 4.674880032562037e-06
5.119589567155946e-11 3.990573688525348e-06
4.416306928668973e-11 3.404242856265575e-06
3.8072979131098865e-11 2.902230826820331e-06
3.280298750885337e-11 2.4727218461430947e-06
2.8245813837129847e-11 2.1055035331616287e-06
2.4307707070401558e-11 1.7917581630942222e-06
2.0906820212148277e-11 1.5238796171496487e-06
1.7971767095923495e-11 1.2953130999888776e-06
1.5440343129934782e-11 1.1004150084983704e-06
1.3258393177166157e-11 9.3433059845654e-07
1.1378811166470577e-11 7.928873391411301e-07
9.760657388439413e-12 6.725020698931719e-07
8.368380713269828e-12 5.701002775584909e-07
7.171134172003925e-12 4.830460002767238e-07
6.1421734644763524e-12 4.090810321772973e-07
5.258328996177408e-12 3.4627225619273824e-07
4.4995430043015405e-12 2.929660695070359e-07
3.848464211343326e-12 2.4774898924911595e-07
3.2900932470758915e-12 2.094136360485666e-07
2.8114728097455386e-12 1.769293911023438e-07
2.401417199376517e-12 1.4941710952760535e-07
2.0502764543866587e-12 1.2612735001754136e-07
1.7497308620321009e-12 1.06421649135837e-07
1.492612097850582e-12 8.975642887946748e-08
1.2727476837625137e-12 7.56691792417561e-08
1.0848258431014532e-12 6.376660418458842e-08
9.242781776062986e-13 5.3714460382103314e-08
7.871779002203894e-13 4.522885396704523e-08
6.701516319835502e-13 3.806879187415704e-08
5.703030147919173e-13 3.202981175512892e-08
4.851466073852286e-13 2.6938538306336472e-08
4.1255072255181545e-13 2.2648034624719445e-08
3.5068803177974256e-13 1.903383526441571e-08
2.979929118765473e-13 1.5990563341674506e-08
2.531246385752506e-13 1.3429047625178017e-08
2.1493564684793013e-13 1.1273867316214075e-08
1.8244417831291443e-13 9.461262400568823e-09
1.5481072437145937e-13 7.937356246410951e-09
1.313177509743482e-13 6.656644710014471e-09
1.1135225848875529e-13 5.580712552141826e-09
9.439078916425388e-14 4.6771436009140045e-09
7.998654620054128e-14 3.918595943310264e-09
6.775833332167602e-14 3.2820175929768675e-09
5.738106285902947e-14 2.7479816591194503e-09
4.8577614362214604e-14 2.300123110301429e-09
4.111185532274931e-14 1.9246618578530567e-09
3.478266127103618e-14 1.609999136979348e-09
2.94187947818024e-14 1.3463760921390425e-09
2.4874522235908004e-14 1.1255851223892632e-09
2.102586391209775e-14 9.407259515393557e-10
1.7767387459453016e-14 7.859995911516632e-10
1.5009467320782135e-14 6.565343910213727e-10
1.2675943496364105e-14 5.482392470633113e-10
1.0702122379529005e-14 4.576797823131681e-10
9.033070457514298e-15 3.8197395175218815e-10
7.622158622370437e-15 3.1870406198793984e-10
6.429820827086236e-15 2.658426562916587e-10
5.4224959806083285e-15 2.2169010596092855e-10
4.5717264148327975e-15 1.8482208060412547e-10
3.853390074788876e-15 1.5404535142976098e-10
3.2470468649183e-15 1.2836062041144802e-10
2.735382403506619e-15 1.069312706495921e-10
2.303734857367219e-15 8.905710479829364e-11
1.939692605478084e-15 7.415228370821403e-11
1.6327522608984508e-15 6.172680040931373e-11
1.3740281064426216e-15 5.1370928592766214e-11
1.1560053068491758e-15 4.2742172720448845e-11
9.723303794157654e-16 3.5554321237193384e-11
8.176333627791946e-16 2.9568267164015145e-11
6.873769426187516e-16 2.4584313376808753e-11
5.777284932752907e-16 2.0435724625329223e-11
4.854515925452781e-16 1.698332609588893e-11
4.078140778558179e-16 1.4110980149164264e-11
3.425101481666366e-16 1.172179968847872e-11
2.875943880831594e-16 9.734979210792533e-12
2.4142590803427553e-16 8.083143620338822e-12
2.026210649117555e-16 6.710130900409452e-12
1.7001345810124093e-16 5.569138213469137e-12
1.4262009218291797e-16 4.62117233206223e-12
1.196127647405315e-16 3.833754829705214e-12
1.0029387998092707e-16 3.17984046665008e-12
8.407600987758937e-17 2.636913930321066e-12
7.04646274547368e-17 2.1862357371204862e-12
5.904352429288489e-17 1.812212842212612e-12
4.94624986526493e-17 1.5018734810394439e-12
4.142696373102544e-17 1.2444291022414644e-12
3.468917915294374e-17 1.0309090487376973e-12
2.9040854280582594e-17 8.538559881772331e-13
2.4306910506669224e-17 7.070720583750322e-13
2.0340222420966156e-17 5.854073387397717e-13
1.7017185479786317e-17 4.845836364338454e-13
1.4233981318517303e-17 4.010477292375896e-13
1.1903431764056135e-17 3.318491720891273e-13
9.952349471860128e-18 2.7453858150410565e-13
8.319307392318552e-18 2.2708298712527823e-13
6.9527613570244e-18 1.87795403981548e-13
5.809470300123677e-18 1.5527625066345775e-13
4.8531672783718045e-18 1.28364632656434e-13
4.053441764787779e-18 1.060978391818151e-13
3.3847998714210176e-18 8.767767669586928e-14
2.8258743783660122e-18 7.244249158382064e-14
2.3587608573863678e-18 5.984392600954313e-14
1.9684599033066806e-18 4.942761057963631e-14
1.6424086307071774e-18 4.081713067401833e-14
1.3700872473327889e-18 3.3700714352155133e-14
1.1426887543400286e-18 2.782018231847823e-14
9.528417120318083e-19 2.29617775775931e-14
7.943776018541069e-19 1.8948556683442752e-14
6.621356576994023e-19 1.5634078020815934e-14
5.517991705870492e-19 1.2897167135326969e-14
4.597582237151265e-19 1.0637576238217719e-14
3.8299461742946644e-19 8.772385898127648e-15
3.1898541943584286e-19 7.233022630955599e-15
2.6562214441351654e-19 5.9627874768408744e-15
2.2114304591279916e-19 4.914808432332493e-15
1.840764061518586e-19 4.0503443882743315e-15
1.531930481012446e-19 3.337380511922709e-15
1.2746657907795362e-19 2.7494652238555172e-15
1.0604011454374603e-19 2.2647474050481935e-15
8.819843205261685e-20 1.865179517588943e-15
7.334467439199312e-20 1.5358581758191437e-15
6.098086300965018e-20 1.2644785646494593e-15
5.0691602105667566e-20 1.04088313609145e-15
4.213045392815969e-20 8.566883631907051e-16
3.500854987579695e-20 7.049761086361894e-16
2.9085072562862284e-20 5.80038469909351e-16
2.4159303187822302e-20 4.771668742148246e-16
2.0063978193961758e-20 3.9247778135501176e-16
1.6659740840633912e-20 3.2276866665192415e-16
1.3830508206399107e-20 2.653990450838706e-16
1.1479603399075017e-20 2.18192200290897e-16
9.526527261893574e-21 1.7935402982167435e-16
7.904264402144134e-21 1.4740603736037516e-16
6.557035570519406e-21 1.2113001561416475e-16
5.4384228236918194e-21 9.952238826123704e-17
4.509805962232295e-21 8.175653095988544e-17
3.739058829780393e-21 6.715168243112475e-17
3.099462506018862e-21 5.5147297444662165e-17
2.5687994928623784e-21 4.528189277947103e-17
2.1285989041476872e-21 3.7175602041950606e-17
1.7635076122831354e-21 3.0515791530226025e-17
1.4607664379876776e-21 2.5045202041551287e-17
1.2097739239369227e-21 2.055217469867475e-17
1.0017231199947482e-21 1.686259588992537e-17
8.292992199908435e-22 1.3833260067487797e-17
6.864279049047714e-22 1.1346401739846847e-17
5.680659302327728e-22 9.305191440899868e-18
4.700269004440273e-22 7.630026343461433e-18
3.8883634649520994e-22 6.2554758193852565e-18
3.216112014346738e-22 5.127766716707321e-18
2.6595958611139043e-22 4.202713323141496e-18
2.19897498620202e-22 3.4440136568764167e-18
1.8177956962975334e-22 2.821847483480554e-18
1.502415198723038e-22 2.3117228090777707e-18
1.241523513702346e-22 1.893526964117237e-18
1.0257463350190868e-22 1.55074611557812e-18
8.473151963800073e-23 1.269823414666998e-18
6.997935891906212e-23 1.0396312385621143e-18
5.77849583839029e-23 8.510373139389261e-19
4.770670944733088e-23 6.965480782573859e-19
3.9378924952625e-23 5.700155753555931e-19
3.249884311858966e-23 4.663966047824362e-19
2.681584633883803e-23 3.8155484031665e-19
2.212251906205339e-23 3.1209827719442254e-19
1.8247232440355578e-23 2.5524572153309725e-19
1.5047996229068257e-23 2.0871715030258025e-19
1.2407362331339987e-23 1.7064368803130312e-19
1.0228200897665082e-23 1.3949370193736786e-19
8.43020025098307e-24 1.140121389567018e-19
6.946967144649642e-24 9.317073978409314e-20
5.7236248358651995e-24 7.612718599068822e-20
4.714823885113597e-24 6.219158255396471e-20
3.883095071632144e-24 5.079896293503152e-20
3.1974858412444327e-24 4.1486738038976154e-20
2.632431690390394e-24 3.3876202955512365e-20
2.166822182560424e-24 2.7657373677310394e-20
1.783228177156685e-24 2.2576556107327976e-20
1.4672625641016466e-24 1.8426156595968078e-20
1.2070515385062484e-24 1.503633111118027e-20
9.927973830046064e-25 1.2268142328258052e-20
8.164169880840368e-25 1.0007953219545063e-20
6.712430465198125e-25 8.162834421700907e-21
5.517771016559292e-25 6.6568026469055476e-21
4.534854892458743e-25 5.4277402366350594e-21
3.7263075421662445e-25 4.424872908941919e-21
3.061324012988378e-25 3.6067048721147286e-21
2.514518969676592e-25 2.939328632015417e-21
2.064977170162058e-25 2.395041716549702e-21
1.6954696029976792e-25 1.9512147614832232e-21
1.3918065058071743e-25 1.58936542612182e-21
1.1423034627435203e-25 1.2944008287232695e-21
9.373409003085625e-26 1.05399793312259e-21
7.690007115792702e-26 8.580968454102676e-22
6.307665611001877e-26 6.984865105997054e-22
5.172767574360327e-26 5.6846601304706045e-22
4.2412051152545e-26 4.625677278812402e-22
3.4766999595877503e-26 3.7633106446674374e-22
2.849419407275262e-26 3.06117585935632e-22
2.33483592512219e-26 2.489599622990789e-22
1.912787667338041e-26 2.0243858521271154e-22
1.566704670742153e-26 1.6458079477718342e-22
1.2829716308327275e-26 1.3377858762993564e-22
1.0504032524892971e-26 1.0872142778377635e-22
8.598123707844367e-27 8.834139732894829e-23
7.0365450681043e-27 7.176842794355689e-23
5.757353876084184e-27 5.829376640175853e-23
4.709703234435481e-27 4.734016452462441e-23
3.851862866058247e-27 3.843755988250801e-23
3.149591456746857e-27 3.1203239169676424e-23
2.5747983706121e-27 2.5325660656758946e-23
2.10444350883193e-27 2.0551262957477895e-23
1.7196331134073836e-27 1.6673710642663342e-23
1.4048767635918402e-27 1.352512800717499e-23
1.1474769502249534e-27 1.0968954645531988e-23
9.370276714386294e-28 8.894123776894321e-24
7.650026610756031e-28 7.210319226788475e-24
6.244172946985697e-28 5.84411186951362e-24
5.095510461716309e-28 4.7358130005010696e-24
4.157196966922738e-28 3.836912046252907e-24
3.3908841564811716e-28 3.1079904610817944e-24
2.7651841109353434e-28 2.517023610674773e-24
2.254411467176257e-28 2.037998724957093e-24
1.8375519111583303e-28 1.6497902891537042e-24
1.4974164459585415e-28 1.3352450818248247e-24
1.2199481208464138e-28 1.0804379110243413e-24
9.936538556582199e-29 8.740663114847548e-25
8.091388855839767e-29 7.069583465856546e-25
6.587253720770855e-29 5.716724536232349e-25
5.361400298997121e-29 4.621721794884694e-25
4.3625833559979653e-29 3.735618395234738e-25
3.5489511337447777e-29 3.0187172832975294e-25
2.8863312652652167e-29 2.4388362642932243e-25
2.346828073897424e-29 1.9698906971088023e-25
1.907674939802333e-29 1.5907425197048276e-25
1.5502955575630918e-29 1.2842657368271993e-25
1.259536231496088e-29 1.036587806252615e-25
1.023038184656769e-29 8.364739344668494e-26
8.307244600508571e-30 6.74827457780238e-26
6.743805877962144e-30 5.442845018374018e-26
5.473119602008491e-30 4.38885194370994e-26
4.440639461379214e-30 3.538070265642495e-26
3.601933084411515e-30 2.85148659046982e-26
2.9208156334093072e-30 2.297546646692322e-26
2.3678262131806577e-30 1.8507348570428796e-26
1.918984416427461e-30 1.4904233453402385e-26
1.5547757360317978e-30 1.199939464637159e-26
1.2593239149898717e-30 9.65810518220332e-27
1.0197159511826931e-30 7.771521321606505e-27
8.25451732548602e-31 6.25173063354725e-27
6.6799539926098085e-31 5.027743638073587e-27
5.40409718990217e-31 4.042249927696533e-27
4.370581880143836e-31 3.248993542468195e-27
3.533623729827122e-31 2.6106498552220734e-27
2.856042990003187e-31 2.0971085239673825e-27
2.307655621173452e-31 1.6840851612608635e-27
1.8639637444187886e-31 1.351999046495037e-27
1.5050900017356504e-31 1.0850661092514375e-27
1.2149106193381886e-31 8.705660625094748e-28
9.803503059683497e-32 6.98250387896413e-28
7.908089257274933e-32 5.5986421597114125e-28
6.376954414702775e-32 4.487602826439639e-28
5.140491591336474e-32 3.5958730548789075e-28
4.142320026488227e-32 2.880384953694728e-28
3.336785664125982e-32 2.306486492319827e-28
2.6869315275880664e-32 1.8463048048719911e-28
2.1628500777633823e-32 1.4774263287431106e-28
1.7403460373097156e-32 1.1818327176564848e-28
1.39985148556515e-32 9.4504318570328e-29
1.1255458815734376e-32 7.554234166933012e-29
9.04642511614907e-33 6.036288381732993e-29
7.268100545749406e-33 4.8215625699157423e-29
5.8370381706960394e-33 3.8498286311255626e-29
4.685859579769133e-33 3.072756571794125e-29
3.760179011393265e-33 2.4515762866483435e-29
3.0161129019597023e-33 1.9551965399639838e-29
2.418264052755396e-33 1.558692181426325e-29
1.9380904711403205e-33 1.242087862061065e-29
1.552585894202601e-33 9.893804241799274e-30
1.2432127773943652e-33 7.8775336335293e-30
9.950397194318885e-34 6.2694581590175436e-30
7.96044380808349e-34 4.987458294349804e-30
6.365503297361187e-34 3.9658356374917775e-30
5.0877223620456884e-34 3.1520481759109385e-30
4.0644869243249465e-34 2.5040910358783055e-30
3.245458782522544e-34 1.9883957706624852e-30
2.5901848514050704e-34 1.5781460824223566e-30
2.0661690286605264e-34 1.2519278743538989e-30
1.6473177192710632e-34 9.926476326395374e-31
1.3126870571961487e-34 7.866660982874678e-31
1.0454736387212716e-34 6.231046173167552e-31
8.322017354479127e-35 4.93289946253948e-31
6.620689829133793e-35 3.903100355977593e-31
5.264198462551956e-35 3.086587369154568e-31
4.1832207376958887e-35 2.439517376004688e-31
3.3222612800266365e-35 1.9269952899369664e-31
2.6369144717394657e-35 1.5212602608101474e-31
2.091665116501126e-35 1.2002371525485383e-31
1.6581221228650482e-35 9.463801931468116e-32
1.3136005423798155e-35 7.457502343288409e-32
1.0399837417499327e-35 5.872787260705923e-32
8.228107584919312e-36 4.621808677601831e-32
6.505445951192079e-36 3.634878983090772e-32
5.139858404189822e-36 2.8567449818013873e-32
4.058029664084715e-36 2.243620913419612e-32
3.2015625838315985e-36 1.76082691069866e-32
2.5239685373718607e-36 1.3809102024704677e-32
1.9882600359952693e-36 1.0821510691586031e-32
1.5650260003767545e-36 8.473753175030989e-33
1.2308936810495406e-36 6.63010841409637e-33
9.673001741787328e-37 5.183384654814707e-33
7.595117182939778e-37 4.048973592052664e-33
5.958412046319937e-37 3.1601336989523355e-33
4.670241720826745e-37 2.4642505766004525e-33
3.657214578703362e-37 1.919873513580064e-33
2.8612301614432885e-37 1.4943684145805217e-33
2.2363250404060065e-37 1.1620599264889604e-33
1.7461631460757399e-37 9.027616298036666e-34
1.3620400628714416e-37 7.006139091959937e-34
1.0612969887116246e-37 5.4316563832318575e-34
8.260610422429763e-38 4.206489649282824e-34
6.422453974377724e-38 3.2540694557000765e-34
4.987561638192697e-38 2.51442100351153e-34
3.8686367716698995e-38 1.940605722004795e-34
2.997044550375238e-38 1.495918301462019e-34
2.3188693331215388e-38 1.1516802887008638e-34
1.7917957885511578e-38 8.855044875992086e-35
1.3826434564845418e-38 6.799306793687765e-35
1.0654192906991807e-38 5.213540075583708e-35
8.197805288423958e-39 3.991838790155057e-35
6.29822382621894e-39 3.0518430463000796e-35
4.831226760836197e-39 2.3295695101499485e-35
3.6998959287394764e-39 1.7753635972971037e-35
2.8286985370430308e-39 1.3507326205256456e-35
2.1588351542522027e-39 1.0258703047922116e-35
1.6445862864401925e-39 7.777234560437454e-36
1.2504458342360133e-39 5.8848343107854386e-36
9.488740894003344e-40 4.444101810784395e-36
7.1853809752963905e-40 3.349164421685384e-36
5.429350719647427e-40 2.518552400850258e-36
4.093165968703306e-40 1.8896614793298814e-36
3.0784880173979338e-40 1.4144538671495867e-36
2.3095747804181505e-40 1.0561244202670419e-36
1.7281799911734476e-40 7.865182519440266e-37
1.2895849905411298e-40 5.841327932799769e-37
9.595154358393043e-41 4.325739360908796e-37
7.117486582545489e-41 3.1936458279607427e-37
5.262594324522866e-41 2.3502638304244435e-37
3.877849836355797e-41 1.723729954507978e-37
2.847160369320405e-41 1.2596693025663925e-37
2.0824110942383597e-41 9.170273498847065e-38
1.51687241116822e-41 6.648763347979395e-38
1.1001289406636117e-41 4.799723132836945e-38
7.941855828941567e-42 3.448896103804947e-38
5.7048272588115517e-42 2.4659873337559877e-38
4.076125816719652e-42 1.753843510527847e-38
2.895753543664714e-42 1.240236278104655e-38
2.0445034999391846e-42 8.716354774634946e-39
1.4338546902778078e-42 6.085005733352253e-39
9.983054071687553e-43 4.217282185244303e-39
6.895704794450555e-43 2.8997852548809266e-39
4.722003688565202e-43 1.9766781463316725e-39
3.202825705201813e-43 1.3346577279657507e-39
2.149649923487551e-43 8.917349197107501e-40
1.4260211009800887e-43 5.888841525426474e-40
9.337177482745332e-44 3.838484866546589e-40
6.024675119883692e-44 2.4655996047618598e-40
3.823285107209376e-44 1.5576672078689236e-40
2.3806812851312047e-44 9.655898031301116e-41
1.4503350689956677e-44 5.856221650370499e-41
8.613212834252875e-45 3.4623931566241163e-41
4.963538637049456e-45 1.9864101651818888e-41
2.7589800599202526e-45 1.0992504612067005e-41
1.467489203164597e-45 5.821002839488689e-42
7.387796512852902e-46 2.917540064975142e-42
3.4656245426895687e-46 1.3625944139454388e-42
1.4798023243403568e-46 5.7926347829282035e-43
5.540130685458203e-47 2.1591555754726972e-43
1.703225318266215e-47 6.60893719084091e-44
3.770468308097117e-48 1.4566475645973973e-44
4.309160431979059e-49 1.6575076879864614e-45
5.975778303690321e-51 2.288573130110051e-47
1.8189659198140285e-51 6.935986007866393e-48
1.749042786065537e-49 6.6404787357135115e-46
1.1950613642672071e-48 4.5176120319692434e-45
3.9075248796210386e-48 1.47076834818488e-44
8.970365871714264e-48 3.361866368167919e-44
1.671735597005499e-47 6.238347809694189e-44
2.7147781068267046e-47 1.0087230652065099e-43
3.998029053464193e-47 1.4791869635340806e-43
5.473207708763106e-47 2.0163338392228647e-43
7.080085639477669e-47 2.5972051547674977e-43
8.753766792197762e-47 3.197523812722395e-43
1.0430518917884963e-46 3.793845265813959e-43
1.205202877801461e-46 4.365083322560201e-43
1.3568181013120806e-46 4.893464736589804e-43
1.4938573851343988e-46 5.365005693433579e-43
1.6133026576102905e-46 5.769615249791071e-43
1.7131332798240722e-46 6.100927063752743e-43
1.792248934840534e-46 6.355948861423227e-43
1.850359549456634e-46 6.534603763836624e-43
1.8878578972969026e-46 6.639221730925509e-43
1.9056868583830557e-46 6.674024600582068e-43
1.9052100299882367e-46 6.644635328276354e-43
1.888091604769632e-46 6.5576313679069565e-43
1.8561891768538733e-46 6.420153668122013e-43
1.8114613768087174e-46 6.239576307083697e-43
1.7558909176387268e-46 6.023237085477322e-43
1.6914226901307599e-46 5.778226148131638e-43
1.6199159096976507e-46 5.511227621403579e-43
1.5431089245611372e-46 5.228408074628731e-43
1.4625950902557187e-46 4.9353451121950586e-43
1.3798080493803086e-46 4.6369893880784546e-43
1.2960147882230905e-46 4.337653652978086e-43
1.212314940970962e-46 4.04102297423421e-43
1.1296449524074445e-46 3.750180917817925e-43
1.0487858720399527e-46 3.4676471811502188e-43
9.703737222874127e-47 3.195422866330083e-43
8.94911550628047e-47 2.9350402521783393e-43
8.227824336849044e-47 2.6876145391921386e-43
7.542628458445968e-47 2.4538955921506967e-43
6.895359338873531e-47 2.2343181856199455e-43
6.287043513578204e-47 2.029049667702424e-43
5.718024021252055e-47 1.838034300099666e-43
5.188073226024149e-47 1.6610338129950408e-43
4.696495976298856e-47 1.4976639377207763e-43
4.242222575827213e-47 1.347426855449175e-43
3.823891453566092e-47 1.2097396331016956e-43
3.4399217317794965e-47 1.0839588148927383e-43
3.0885761211756977e-47 9.694014055271857e-44
2.7680147321200814e-47 8.653625245795933e-44
2.476340494593401e-47 7.711300358783611e-44
2.2116369379570174e-47 6.859964650273318e-44
1.971999104447455e-47 6.092685161241994e-44
1.7555583660727248e-47 5.402744882909097e-44
1.560501890177251e-47 4.783698763002887e-44
1.3850874603001659e-47 4.2294141937529955e-44
1.2276543106879012e-47 3.7340983974913627e-44
1.0866305788489047e-47 3.292314890523352e-44
9.605379237638944e-48 2.8989909698224014e-44
8.479938000744256e-48 2.5494179370983813e-44
7.477118225032075e-48 2.2392455558519425e-44
6.585006011193119e-48 1.9644720324584173e-44
5.792613777087822e-48 1.7214306241629703e-44
5.0898474692759354e-48 1.5067738061066284e-44
4.467467034606985e-48 1.3174557763907655e-44
3.91704218113455e-48 1.1507139423934185e-44
3.4309051163300106e-48 1.0040499123369303e-44
3.002101649018477e-48 8.752104124675616e-45
2.62434177795524e-48 7.6216846095595e-45
2.2919506614833113e-48 6.631050534924637e-45
1.9998206665914685e-48 5.763915512300452e-45
1.743365028787426e-48 5.005729079276696e-45
1.518473513573333e-48 4.3435182863448536e-45
1.3214703529478557e-48 3.765739158543427e-45
1.149074633535658e-48 3.262138297598415e-45
9.983632339684672e-49 2.823624656909724e-45
8.667363456636716e-49 2.4421513397745405e-45
7.518855609090918e-49 2.110607132653415e-45
6.5176447322550096e-49 1.8227173829485463e-45
5.645617055563386e-49 1.5729537584537296e-45
4.8867626035015964e-49 1.3564523779188851e-45
4.226950707037378e-49 1.1689397743622952e-45
3.653726222218691e-49 1.0066661408574692e-45
3.156125101001267e-49 8.663453091045444e-46
2.724507942405608e-49 7.451009213046202e-46
2.350410162651978e-49 6.404182732903245e-46
2.0264074542205283e-49 5.501013295415517e-46
1.7459952508103147e-49 4.722344370088041e-46
1.5034809734730144e-49 4.0514829325516075e-46
1.2938878991581346e-49 3.4738975425748002e-46
1.1128695636908609e-49 2.9769509744365064e-46
9.566336843527004e-50 2.549663855371462e-46
8.218746610648588e-50 2.1825060604384576e-46
7.057137880762648e-50 1.8672128938498418e-46
6.056463790757408e-50 1.5966233549911526e-46
5.194950769173352e-50 1.3645380403424645e-46
4.453686841160608e-50 1.165594469266797e-46
3.8162591155566903e-50 9.95157841691551e-47
3.2684350023618657e-50 8.492254390211602e-47
2.7978822427378455e-50 7.243430664649063e-47
2.393923327491118e-50 6.175321058610487e-47
2.0473203343036035e-50 5.262259037173362e-47
1.7500866303427615e-50 4.482143603847233e-47
1.4953222665691702e-50 3.8159571391849273e-47
1.2770702352804194e-50 3.247346271884032e-47
1.09019107501237e-50 2.7622579011536866e-47
9.302535892481047e-51 2.3486234146657323e-47
7.934396995246008e-51 1.99608497342456e-47
6.764616817067202e-51 1.6957584720674266e-47
5.76490238603939e-51 1.4400284387363095e-47
4.9109204470232874e-51 1.222370720525485e-47
4.1817556161669775e-51 1.0371993158729008e-47
3.5594406772014417e-51 8.797341708762391e-48
3.028549740585783e-51 7.458871585794052e-48
2.5758461267070185e-51 6.321638144907248e-48
2.1899778432419843e-51 5.355787131540836e-48
1.8612144179979293e-51 4.5358264421398264e-48
1.581219634577823e-51 3.839999863697873e-48
1.342855410407052e-51 3.249748877484693e-48
1.1400126653854353e-51 2.749250450032035e-48
9.674655640106433e-52 2.325020339668592e-48
8.207459826793265e-52 1.9655728472614507e-48
6.960354645361483e-52 1.6611291600586593e-48
5.900722835721836e-52 1.4033674995924183e-48
5.000715536596365e-52 1.1852092080022999e-48
4.236565923005596e-52 1.0006357091345023e-48
3.58799987872208e-52 8.445319766212946e-49
3.0377302733666193e-52 7.125527443108211e-49
2.5710232255626833e-52 6.010082167475938e-49
2.1753263085147345e-52 5.067664893232876e-49
1.8399500224952044e-52 4.271702783711773e-49
1.5557950457788085e-52 3.599658988811014e-49
1.3151188049059543e-52 3.032427186849033e-49
1.1113357967620516e-52 2.5538156903458477e-49
9.388468668120729e-53 2.150108078218315e-49
7.92893315321522e-53 1.8096891793512168e-49
6.694322802904677e-53 1.5227268348227326e-49
5.650303440214887e-53 1.2809012435838575e-49
4.767727401374027e-53 1.0771748798135981e-49
4.021859085851918e-53 9.055969861614275e-50
3.39171465618178e-53 7.611375187513121e-50
2.85949930845241e-53 6.395461671754731e-50
2.4101279017962495e-53 5.372327130772436e-50
2.0308167712374762e-53 4.511655392840995e-50
1.7107362981929226e-53 3.787855707431596e-50
1.4407153160661792e-53 3.1793332989808837e-50
1.212989718673384e-53 2.667871322544271e-50
1.0209887463296874e-53 2.2381074100950003e-50
8.591533736030413e-54 1.877090499132593e-50
7.227820362270204e-54 1.5739057712493885e-50
6.078996313659716e-54 1.3193573501955065e-50
5.111463218684932e-54 1.1056999621616841e-50
4.296831854230437e-54 9.264120844376902e-51
3.611121859065778e-54 7.760042357171304e-51
3.0340831720131303e-54 6.498570207691993e-51
2.5486208837786669e-54 5.440843585355262e-51
2.140307912262641e-54 4.5541801695462486e-51
1.796972233133025e-54 3.811101679614555e-51
1.5083473784233326e-54 3.1885117753438287e-51
1.2657766049440792e-54 2.6670027151831773e-51
1.0619625739164848e-54 2.2302707947175872e-51
8.907556096348818e-55 1.864623655547004e-51
7.469746493332637e-55 1.558565156777803e-51
6.2625588535975396e-55 1.3024457074624691e-51
5.249248571010494e-55 1.0881678280410506e-51
4.398883933320475e-55 9.089382928043608e-52
3.6854335250963865e-55 7.590595467552437e-52
3.0869957321183726e-55 6.337542257165394e-52
2.5851484167092893e-55 5.290175693508364e-52
2.1644001851647818e-55 4.4149332948182266e-52
1.811727513447436e-55 3.683694633102197e-52
1.5161844112077766e-55 3.0729048197196112e-52
1.268573351530798e-55 2.5628381567669455e-52
1.0611679297033818e-55 2.1369797120653138e-52
8.874791854684502e-56 1.781506075732927e-52
7.420587697431574e-56 1.484849510684359e-52
6.203331924526925e-56 1.2373322021960708e-52
5.1846428194571815e-56 1.0308594143317758e-52
4.3323174293427855e-56 8.58662133991838e-53
3.619343399461873e-56 7.150812778550312e-53
3.0230677461775756e-56 5.953867968395325e-53
2.524497828711955e-56 4.956260735897715e-53
2.1077136489768144e-56 4.124969018923169e-53
1.7593738777033466e-56 3.432410890475801e-53
1.4683007664301286e-56 2.855553552183166e-53
1.2251314366951072e-56 2.3751673634869006e-53
1.0220250062221382e-56 1.9752014519656779e-53
8.524166730685944e-57 1.6422612168076761e-53
7.108112801977227e-57 1.3651712036770459e-53
5.926100649635476e-57 1.1346094900003797e-53
4.939652946487839e-57 9.428019550829005e-54
4.116583292581299e-57 7.832666869310107e-54
3.429973606982802e-57 6.506003540700852e-54
2.8573167382736203e-57 5.402996939141428e-54
2.3797977711935736e-57 4.4861237971062915e-54
1.9816917354980673e-57 3.724124597179683e-54
1.6498589825681685e-57 3.090963436652072e-54
1.3733224904445732e-57 2.5649596674573824e-54
1.1429138777020027e-57 2.1280631064502608e-54
9.509770257199286e-58 1.765249214087048e-54
7.911199907239647e-58 1.4640144962508776e-54
6.580073846967472e-58 1.213955614450523e-54
5.47186662937116e-58 1.006418394900661e-54
4.549428134675637e-58 8.342051918800168e-55
3.781768316816593e-58 6.913309564763778e-55
3.143041094255403e-58 5.72819948147081e-55
2.6116949381755447e-58 4.745363536190658e-55
2.1697629659622353e-58 3.9304318761279434e-55
1.8022697570001662e-58 3.2548477800240585e-55
1.496735806641499e-58 2.6948891392113236e-55
1.2427636361463715e-58 2.2308538380081656e-55
1.0316921773475712e-58 1.8463817219393497e-55
8.56308230964135e-59 1.527890368890505e-55
7.106056246707267e-59 1.2641056589164815e-55
5.895842278855812e-59 1.0456712952324473e-55
4.89082262610914e-59 8.648240642482571e-56
4.056364235589235e-59 7.151238220051413e-56
3.3636521997297643e-59 5.912290296987013e-56
2.788717041868872e-59 4.887101920790808e-56
2.311623818587261e-59 4.038948295469591e-56
1.9157962582284413e-59 3.3373867964067147e-56
1.5874535634486856e-59 2.7571871138380928e-56
1.3151411924926434e-59 2.277442759258831e-56
1.0893400164563006e-59 1.8808333353761978e-56
9.021408266815015e-60 1.5530121076191569e-56
7.469733199873919e-60 1.2820976944790771e-56
6.183804889659124e-60 1.0582522576648338e-56
5.118308477446071e-60 8.733315402283961e-57
4.235621791713755e-60 7.205945707865908e-57
3.504515377154423e-60 5.944629076153397e-57
2.8990711760223816e-60 4.9032100686263874e-57
2.3977832620090492e-60 4.0435072208481024e-57
1.982810122754849e-60 3.3339412583650774e-57
1.639353072940015e-60 2.748398282257845e-57
1.3551396221042866e-60 2.2652878558836643e-57
1.1199941591802611e-60 1.866762725796114e-57
9.254812654323328e-61 1.5380725622145234e-57
7.646094264249378e-61 1.2670288009159917e-57
6.315849629572056e-61 1.0435615699087566e-57
5.216077085224576e-61 8.593529246391968e-58
4.307013834434042e-61 7.07533306271679e-58
3.555728007240482e-61 5.824303715352627e-58
2.9349502538250392e-61 4.793611969436417e-58
2.4221043054778395e-61 3.94460399081168e-58
1.9985027743423978e-61 3.24537989508856e-58
1.6486801542770102e-61 2.669618420898387e-58
1.3598397206161579e-61 2.195605290791635e-58
1.1213949660738857e-61 1.80543010852677e-58
9.245894866041731e-62 1.4843226816287702e-58
7.621819557874888e-62 1.2201046649068451e-58
6.2818509166742e-62 1.0027365700871323e-58
5.176494030214771e-62 8.239436249871396e-59
4.264840670557074e-62 6.769068140799426e-59
3.5130859086054037e-62 5.560077916094986e-59
2.8932998926911654e-62 4.566183122366061e-59
2.3824110902619437e-62 3.749264419017445e-59
1.9613647430832937e-62 3.0779315075434006e-59
1.614426472857956e-62 2.5263399836690485e-59
1.328606109658242e-62 2.0732153863106e-59
1.0931810777190228e-62 1.7010483055588812e-59
8.993022098527523e-63 1.3954306888096577e-59
7.396677958356521e-63 1.144508675395883e-59
6.082541038710961e-63 9.385315826024948e-60
5.000926325635032e-63 7.69480214685292e-60
4.110860243108476e-63 6.30760599799909e-60
3.378559583186595e-63 5.169516838627053e-60
2.7761749127156993e-63 4.2359751332164344e-60
2.2807526652368107e-63 3.4703609347522616e-60
1.8733780210125475e-63 2.842584756526665e-60
1.5384672173947568e-63 2.3279275517181638e-60
1.2631833475259416e-63 1.9060859382087492e-60
1.0369541898851676e-63 1.5603864983170443e-60
8.510743237989348e-64 1.2771393318400947e-60
6.983768590766466e-64 1.0451062796945028e-60
5.729626510560365e-64 8.550635577346441e-61
4.699769765766565e-64 6.994421057139605e-61
3.854253870885642e-64 5.7203189684962674e-61
3.1602189487911885e-64 4.6773887812108205e-61
2.590638389500761e-64 3.823852104006288e-61
2.1232876144150127e-64 3.12545125213104e-61
1.739894391826282e-64 2.5541007282858947e-61
1.4254388743796777e-64 2.0867795526849812e-61
1.167577086053361e-64 1.704621595557531e-61
9.561661770155178e-65 1.3921686575528227e-61
7.828735567820937e-65 1.136757295750444e-61
6.408551476758106e-65 9.280155408340662e-62
5.244905863558728e-65 7.574498887492274e-62
4.291653357523849e-65 6.181064380818654e-62
3.510914315958761e-65 5.042929146152163e-62
2.8716004162600353e-65 4.113506859990508e-62
2.348202151039435e-65 3.354678120114809e-62
1.919791897736317e-65 2.735257735310571e-62
1.5692043950051886e-65 2.2297383706111907e-62
1.2823631876033654e-65 1.8172609171142379e-62
1.0477271493546249e-65 1.4807708333753951e-62
8.558357667852793e-66 1.2063270015610725e-62
6.989356346358997e-66 9.8253563664262e-63
5.706737196527245e-66 8.000867120246076e-63
4.658455071185639e-66 6.513744103286545e-63
3.8018825147149705e-66 5.301864301316198e-63
3.1021128735148635e-66 4.3144970707481134e-63
2.530567858628921e-66 3.5102234687097125e-63
2.0638551667586053e-66 2.8552340547712355e-63
1.6828314431420346e-66 2.3219365973636439e-63
1.3718338323942263e-66 1.8878174903443e-63
1.1180499142633467e-66 1.5345108339984315e-63
9.110012093387766e-67 1.2470374580240997e-63
7.42119870712471e-67 1.0131829888131061e-63
6.044018206887538e-67 8.229896583106665e-64
4.921225863939259e-67 6.68341137636119e-64
4.006045494143573e-67 5.426234367301648e-64
3.260263470566594e-67 4.4044799039718444e-64
2.6526682434732698e-67 3.574255734135971e-64
2.1577730063999846e-67 2.8998175315580852e-64
1.7547703544293452e-67 2.352062797618771e-64
1.4266769826867842e-67 1.907301986941571e-64
1.1596340267106728e-67 1.54625604104967e-64
9.42334845783865e-68 1.2532387904644152e-64
7.655571372004582e-68 1.0154902755671628e-64
6.217804426676169e-68 8.226332453446444e-65
5.0487353097738284e-68 6.662301711118015e-65
4.098389480090225e-68 5.3942226458144725e-65
3.326043264899078e-68 4.3663538428803535e-65
2.6985193435862206e-68 3.533404890466626e-65
2.18879486570102e-68 2.85858564601122e-65
1.7748651190065407e-68 2.3120180221677183e-65
1.438816040066779e-68 1.8694432130096995e-65
1.1660673586834759e-68 1.5111696406181815e-65
9.447551267556399e-69 1.2212169938146917e-65
7.652280793728135e-69 9.866199691683254e-66
6.19636939158048e-69 7.968620484011038e-66
5.01599590805947e-69 6.434151331524312e-66
4.0592817474445424e-69 5.193653344123155e-66
3.284067024891259e-69 4.1910886510320125e-66
2.6560988457805424e-69 3.381049617603844e-66
2.1475556938826664e-69 2.72675188806582e-66
1.7358458679528776e-69 2.1984045767711804e-66
1.402629312373065e-69 1.771887056403269e-66
1.1330215065463374e-69 1.4276749304262806e-66
9.149456904003322e-70 1.1499684798217613e-66
7.386059203572355e-70 9.259855905050945e-67
5.960585263230874e-70 7.453882648580624e-67
4.808636839780237e-70 5.99817598061274e-67
3.8780219841151404e-70 4.8251680172094026e-67
3.1264535443744174e-70 3.880256829746961e-67
2.519679397481024e-70 3.119330993592871e-67
2.029963827448469e-70 2.5067644074343736e-67
1.6348544356873993e-70 2.0137924758432476e-67
1.3161811690037939e-70 1.617197476773391e-67
1.0592439937601184e-70 1.298244531547732e-67
8.521538455995343e-71 1.0418206416649564e-67
6.852980828372922e-71 8.357382302012941e-68
5.509070452729184e-71 6.701719130536855e-68
4.427026951755579e-71 5.372031420701312e-68
3.5561387820467014e-71 4.304521648619378e-68
2.855456397552772e-71 3.4478064356436437e-68
2.291923896302021e-71 2.7605143685070226e-68
1.838866252704762e-71 2.2093461422615266e-68
1.474764827827106e-71 1.7675085133083212e-68
1.182266523099891e-71 1.4134504095310154e-68
9.473822422101595e-72 1.1298432087609752e-68
7.588386936680584e-72 9.027582682671925e-69
6.075543632463975e-72 7.210037562413958e-69
4.862160046014643e-72 5.755900989135222e-69
3.8893647677970355e-72 4.592992367675989e-69
3.1097839354097223e-72 3.663376423136081e-69
2.485309996505828e-72 2.9205690260552783e-69
1.9853008230281125e-72 2.3272878464326954e-69
1.5851266628602e-72 1.8536422083469338e-69
1.2649981454352694e-72 1.4756768824266934e-69
1.0090213059983238e-72 1.1742010133812186e-69
8.044359215875315e-73 9.338466793197027e-70
6.410018170560667e-73 7.423123223197888e-70
5.1050457279477345e-73 5.89754964580127e-70
4.06357548469398e-73 4.683021274406917e-70
3.232815736158308e-73 3.716600220736835e-70
2.57047244861453e-73 2.9479914012861205e-70
2.0426767185894167e-73 2.3370204991907573e-70
1.622318603486807e-73 1.8516116860826778e-70
1.2877081699791121e-73 1.4661667054770506e-70
1.0214999264522711e-73 1.1602661740109427e-70
8.09829178628506e-74 9.17629466130221e-71
6.416188369551557e-74 7.252820360192391e-71
5.080232667608104e-74 5.728890827694535e-71
4.019822770825523e-74 4.52222553403137e-71
3.1786359049079797e-74 3.56734984706713e-71
2.5117636617656597e-74 2.8121891657375173e-71
1.98341757722391e-74 2.2153481490334586e-71
1.5650923364746593e-74 1.7439382118949735e-71
1.2340960089296035e-74 1.3718436011919705e-71
9.723745230380577e-75 1.0783381579355993e-71
7.655719236197142e-75 8.46982363490836e-72
6.022794837359779e-75 6.647443014387467e-72
4.734360144969647e-75 5.21299422013266e-72
3.7184916874679175e-75 4.0847301930156907e-72
2.918135227326021e-75 3.197965623674884e-72
2.2880602937625927e-75 2.501548137836878e-72
1.792432980644808e-75 1.955053070466759e-72
1.4028825455413485e-75 1.5265546648048427e-72
1.0969622023572751e-75 1.190856230671993e-72
8.569244300765956e-76 9.280855457370698e-73
6.687470931627484e-76 7.225807670410579e-73
5.2135946508910154e-76 5.620072874463738e-73
4.060274924467976e-76 4.366580844461225e-73
3.158658374710973e-76 3.3889977760027376e-73
2.4545079691506836e-76 2.6273432519481677e-73
1.9051344051713276e-76 2.0345244266706547e-73
1.4769650433447518e-76 1.573597289159451e-73
1.14361922736259e-76 1.2156039318044069e-73
8.843855625370186e-77 9.378658584661492e-74
6.83018057488222e-77 7.226381218537296e-74
5.26785047263492e-77 5.5604877221917364e-74
4.057183777420327e-77 4.27263754448877e-74
3.1202113517731184e-77 3.278298294573414e-74
2.396008070144956e-77 2.511579735319278e-74
1.8370160534280955e-77 1.92117548703643e-74
1.4061512824287148e-77 1.4671775526571297e-74
1.0745286106975337e-77 1.1185780658394677e-74
8.196745651648684e-78 8.513117114124584e-75
6.241246045251094e-78 6.467231820462152e-75
4.743231475257204e-78 4.903684942587435e-75
3.597618404880075e-78 3.7107832595082497e-75
2.723051258410395e-78 2.8022681800612437e-75
2.0566293423216362e-78 2.1116134750502287e-75
1.549788358079485e-78 1.5875829955078253e-75
1.16508716087133e-78 1.1907737016253785e-75
8.73703580163392e-79 8.909284579251101e-76
6.53485080248585e-79 6.64849600034242e-76
4.8743313483532923e-79 4.947808947422949e-76
3.6252627149447545e-79 3.671542941028805e-76
2.6880727866031782e-79 2.7162048461655212e-76
1.9867622483585817e-79 2.0029996523101343e-76
1.463436394601224e-79 1.4720528897895708e-76
1.0740817820274379e-79 1.0779599045576984e-76
7.853092020552208e-80 7.863624030206747e-77
5.718457788391279e-80 5.713192710281577e-77
4.1460702240776156e-80 4.132906737240949e-77
2.9921723063084023e-80 2.975950097846594e-77
2.1487598518408313e-80 2.1322990529833296e-77
1.5349139546261968e-80 1.5197303847799583e-77
1.0901860412192e-80 1.0769771697529628e-77
7.695597476633499e-81 7.585298532340872e-78
5.396219775898774e-81 5.306956181331464e-78
3.7565950558236463e-81 3.686182855913249e-78
2.5946264926669676e-81 2.5403001827177125e-78
1.776680052596828e-81 1.735594212732091e-78
1.2051128209605294e-81 1.1746176538074694e-78
8.089141197793594e-82 7.866873287139326e-79
5.367036997671778e-82 5.2079441634886337e-79
3.5151024539401116e-82 3.4033199274707237e-79
2.2689094896478402e-82 2.1918765168710665e-79
1.440583937794102e-82 1.3885856289333926e-79
8.976174431561506e-83 8.632997745760442e-80
5.473094448975273e-83 5.252191958970732e-80
3.2539669206383527e-83 3.115725153131019e-80
1.8778561617884115e-83 1.79410452838078e-80
1.0457447643496387e-83 9.968999647280518e-81
5.575778463771093e-84 5.303626148355407e-81
2.816072938769422e-84 2.6727223768949314e-81
1.3268160982055383e-84 1.256505181762474e-81
5.70038561973506e-85 5.386447489570032e-82
2.15360744850017e-85 2.0305347266347078e-82
6.717438074421965e-86 6.3196680547497635e-83
1.5263608594008871e-86 1.4328329833341906e-83
1.8515415696829521e-87 1.7342855373071662e-84
3.339310041170044e-89 3.1209994627295447e-86
3.6207526079301256e-90 3.3766547133205716e-87
5.3784925727059e-88 5.004955746179274e-85
3.9526383349630836e-87 3.670114725494446e-84
1.3314037190028757e-86 1.2335485367233014e-83
3.1056537561663713e-86 2.8711405050017786e-83
5.845010061669703e-86 5.3919098786228756e-83
9.554597047225883e-86 8.794814892780712e-83
1.413653029829181e-85 1.2984198120131779e-82
1.941853420212377e-85 1.7797038416977864e-82
2.5183845718333114e-85 2.303102889345427e-82
3.1197887726790504e-85 2.84693455199222e-82
3.722969385896149e-85 3.390031734161963e-82
4.3067577758011173e-85 3.9131613280958575e-82
4.852939313732962e-85 4.3999341232741747e-82
5.346815758352162e-85 4.837283463360172e-82
5.77739720868095e-85 5.2156032269222503e-82
6.137316796414392e-85 5.528634152709194e-82
6.422552511890474e-85 5.773178140529661e-82
6.632027702305859e-85 5.94870727971628e-82
6.767147743396641e-85 6.056920661751339e-82
6.83131687594754e-85 6.101289067331632e-82
6.829467132239479e-85 6.086616183054217e-82
6.76762105729335e-85 6.018635425732365e-82
6.652501639350195e-85 5.903653768889299e-82
6.491196399715291e-85 5.748248045431301e-82
6.290877752581348e-85 5.559014827731955e-82
6.058578286477864e-85 5.342371914359547e-82
5.801017291560789e-85 5.104407434727697e-82
5.524473426116329e-85 4.8507713909134703e-82
5.23469767233303e-85 4.586603889353055e-82
4.936860497121321e-85 4.3164942047659453e-82
4.6355272603933405e-85 4.0444650258843865e-82
4.334656282147644e-85 3.773976647190862e-82
4.037614497944757e-85 3.5079464077920383e-82
3.7472062291393664e-85 3.2487792739394215e-82
3.4657112179182375e-85 2.9984060693391534e-82
3.194928690775383e-85 2.7583264452311514e-82
2.9362247930200107e-85 2.5296542293362813e-82
2.690581265759599e-85 2.313163286800178e-82
2.4586437074827493e-85 2.1093324611566855e-82
2.240768171600526e-85 1.9183885376613404e-82
2.0370651998046432e-85 1.740346486838043e-82
1.8474406819754104e-85 1.5750465065465016e-82
1.671633171087999e-85 1.4221875913844878e-82
1.509247471842151e-85 1.281357524450789e-82
1.3597844701940355e-85 1.1520593142734523e-82
1.2226672836199489e-85 1.0337341947592077e-82
1.0972638942144427e-85 9.25781373714059e-83
9.829064838876046e-86 8.27574760728222e-83
8.789077275508634e-86 7.384769323777402e-83
7.845743204719594e-86 6.578506055974654e-83
6.992180234194346e-86 5.850678920043314e-83
6.2216450691376e-86 5.195175996653254e-83
5.527602664053132e-86 4.606108366141842e-83
4.903778655891118e-86 4.077851542009207e-83
4.344197470984422e-86 3.6050744961977645e-83
3.843208298389754e-86 3.1827582689232238e-83
3.3955009131836285e-86 2.806205950977691e-83
2.9961131230539292e-86 2.471045624316781e-83
2.6404314063716167e-86 2.173227652340215e-83
2.3241861140858014e-86 1.9090175280362357e-83
2.0434424243275855e-86 1.6749853183082146e-83
1.7945880692977126e-86 1.4679925875751595e-83
1.5743186998548758e-86 1.2851775436567302e-83
1.3796216144959334e-86 1.123939023945893e-83
1.207758455921863e-86 9.819198294804554e-84
1.0562473694907928e-86 8.569898179896413e-84
9.228450228446477e-87 7.47229083370407e-84
8.05528803735798e-87 6.509114772893055e-84
7.024794426045806e-87 5.664886676010416e-84
